persona8325919339
(25, 9, 19, 33, 9)
persona77259193313
(25, 9, 19, 33, 13)
persona68259193313
(25, 9, 19, 33, 13)
persona40259193313
(25, 9, 19, 33, 13)
persona79259193713
(25, 9, 19, 37, 13)
persona68259193311
(25, 9, 19, 33, 11)
persona36259193313
(25, 9, 19, 33, 13)
persona88259193313
(25, 9, 19, 33, 13)
persona97219193313
(21, 9, 19, 33, 13)
persona52259193313
(25, 9, 19, 33, 13)
persona93259193313
(25, 9, 19, 33, 13)
persona62259193313
(25, 9, 19, 33, 13)
persona82219193313
(21, 9, 19, 33, 13)
persona43259193513
(25, 9, 19, 35, 13)
persona29259193313
(25, 9, 19, 33, 13)
persona56259193313
(25, 9, 19, 33, 13)
persona35259193313
(25, 9, 19, 33, 13)
persona62259193311
(25, 9, 19, 33, 11)
persona78201414388
(20, 14, 14, 38, 8)
persona422014143911
(20, 14, 14, 39, 11)
persona39201714388
(20, 17, 14, 38, 8)
persona71201411387
(20, 14, 11, 38, 7)
